$ANSIBLE_VAULT;1.1;AES256
66303637643630616634353939663061613334636635656263366266323037653866393335633937
3532623535333361316165393133343730376238393565350a623066633339396564373963633561
31616162313230353936613937386336363133373033616239386237316166396331666639393739
3362616564386234350a666333373830313636613039376138353766623338393365303139353130
39323461336239383763396661313731336530626231636239633538353762383931353533313632
36643230653863393731633033373530333737333037323439653838353630376664323861666432
64363138316466333636346661663063636361336139666432616130633532353837396562386665
61383265336533623565613830386338353632303835623039313362613462353966326339613138
62633430613132373138376363356463383236623039646666653132323633346430656234666330
63666266623965633430363135316633636234373163646534373561303965356162613861306630
34646230333263616135343532636661326533376466333133643166393932303130366431383863
65326635333737313966303261613730353461393332313439386637663439656337306364643130
63363163396261653136346264326534333362633233306635623365333437646638353337373137
63383335646161653431383738393439366164306561653230633765623766383563663464613334
33363034383930666137323361313334373664356463383064333138343639306238316338623331
38353561346465303966373261653763373633613661333634346563383235363335346437366431
31653432396136393330643735346136366164646565386265623335396336306435343462393463
33316233393135616237626139303834353038613764303063613061633465653635653461336161
31396236663735646664653236663437383934336538373532343338333832306135643865336438
39653361363035343738623831636138383466386434343731363133613530623030343063393564
34356138653638373432333838303865663533633537616262373363613631623432393136366666
34393365646337343966373637653663663739636336333862633433323264386534313363343565
62353935306664653866346335333737646138666166623336623864626361613463643562376135
36623636316163623362363636356161626539613866646535373064316237326331646238616263
32353532613031333830656636393238303462366232393038343066313330633566353636623230
38663666663564376461636636313466343938313031326563393133653837326633363361356663
62393162376565326564663233326138336338653435313336376239303332366134393634396461
35353664646265323332306435353862316232326365663762313035653432336564376534303766
61353235626562333633306564353563653264653466643031663534343531326665363336376639
63316230356437613362623763393366623632396435656166643266636364623333336333376234
34343964313364333335626135316264366361646239386663336535633835616661383364333364
65666336336262363563386265306363336439623263646262343931613466386235346466336339
32336434323538333265393861373665663330636137663636303533636235613964633965663136
63613436366531313361636237636139306666653361633234653130653263386231356562323264
64373833616164393133383639313965646364313966356366666534663664646439333233666633
37376133363239373532323530386135656363366433376633316631343138343264363430643932
65356432643231646237323237383339316633346337623963636130663763326232626165643931
63363530643636303237633561323136646666666261623161386639323332323836656564333663
30336631323566366132303966343161633366376530386662346163373534666561376230366136
61316261376233306138333435373434643264303939316564633464336265366261646132613834
30346334323366663062366234323034633263356365336133613639346263353237616466353263
65666333306333376235323766636563316261616330383666626238626132353433666536623865
38313833656237633531333035613462323033646439386635663061613661646332336535653235
34353435613637633061623335386537353966643636366166326635336639393766383938303231
64333565316436316437313331666337356635363939373931353861396433613666666366663262
65653861393034363262666631363737383765613762383230613766653835613034623566336236
38643535656239643232376161653165313331383937616430343861383563613334323839333963
36616331613433373666353030366633373039616163653732396433613466633431326666376131
35323733663063623761373633386664323463373061643232386365666432316266613030356665
37366233303562386235346335656162633061316662636462633937646562323866373463333133
63326438613330303535363061323538316361303039336237336633303064346564316365663731
66353662613439623432343430613631353939643330363162616636313439663566643231303939
35373764663937613032333035333331373632323864376437663262303361643962653735663338
61306137386432326635373230636264666633616163306461373961333963633232366363623439
65333534313438626533393431656462376438633863393339653034313130333362633462353566
34363637303263393832616631356632656130386661326632666333306239373536666562623638
39353161396232623931306433386132363930663538366163633461353739393665363565363431
66306235356264383864303334323765643932623537346438643339653765316465363564366537
30353266393437386231323535363962363763376535333062343764393436393136616365373530
38303036333532346333363232666537326631356564373736373934303737653332633630623965
34376230643033616163623530643465623936306634633562333138346334363833663363333336
39653163393036643632663362316365633232366635663561383438633739336136376534613039
38643631616332343333666239636631393462373736343034313962386363656539383263626363
65343431633734623432643865323839373933313139333263663832623933373830386130623163
66643934656630303062646266336134616538353237643764373939373265323464383139613632
62333434666637373336633439653962393932396263306465323233353230646231383166373035
32323137353232373132363763333836643838353933353336613766313266666637373431343934
66306135383836333062313930373465653235313237346636613038346539366539313163663734
33653336626265356436653565386435343030343639303230313566373039383136383834303065
65353631663430656631616430613532366134343633366436626566396430366462326533343233
33633435356361383634616439646430626138616561363465313064646138373966653236373139
64396435393266356166393139633033316630353538333137616236333666393461353262636162
66393031363932363139376162666265343632303834656632623532363064656336633934393066
66303466353963326265643837313435343137653065383330363861663832363063326462333139
35636239363830623264353166373466306362653237653266386336626631626333356137633737
35633734643536633537613161316138326537323766363464626165336466653763623164346538
37366463346362656563663566656633306463666437663639336232393864336231313364316531
64633937376437663937303731386332353034656332366433343939643434366363623735653031
30326336313736613862643935656632313234663063666261623533383533323263663036333664
30323966373639366633633438343733346639663639316462643631336430613362346537383962
64313265316231636461653039306534316466356663666632333537373763633163663439363562
32616333646166613264376166333561633139313165386334376331646339636438613036633165
36666362303630383966333339376233346263393363663762313766663766633732356237366635
33343834633633663764613161643232323236343838373761333064613231663732316531323264
33373937623032393736343631396335343135666335376333616462636264643566326337386238
33633330643430613966646465663064306136646437356138636438643137666665333537653662
61656438326138626463316639316663643162316532383161306536393264653962336464313766
30633364346363336330633332323162346436313433306463616361373165653464336563373235
37396131303631666561396438333632363439663332336661326164613930373963616235343233
62623031623361656261353737643834626434346330313133666633383634393132386464623433
37313638663562353931323337663763373630373830373362323733343835333766373830343738
66366239623663373531333335306264623639656237646635373234623939363039383532653534
33306231383662653132326561333636353839363363663938376262383039316436343465363066
30636130393165636263316331353737353535363830663530333739373331633934323166323439
33653763623465353135613733363964316333383233623039316361366261343762393432633361
37663665323830346439626139646539303830366562303862393964646633303735623836666264
37383663303232613438396539646165363832363061363432626230313530383165333364316631
64386663623363626234323831326230306164343265623462333065333532326461313165636635
66616166663832626437316334306435623731313261376161323632363565353263383132666162
65373766626534393961613066373531613031353239366664646464366363663331316266353766
65363461373238346236663136646233363935646362366563333463303636643561653038373139
31643634643363363133383161313735393330353238653033613732303762653238636631376537
64326535333533616335383663643735643637393663646436393530653866336362666566393238
37616561376432343532663738663761353036386336316631323933633964653232303536326639
34356638663966303736316139653134353439643332336630666535663566356636336232313035
38626538386531623436653331353663656435633766343135366664363466646666383035326432
31386636326233313162323737336130633039306465643561663933316330303331383931646637
66343963313939666638323932303864373534376165656464376538633433623734623031396139
61376231343234396532313832393134376235626635346534386366356633663038333761363536
30656361613033326165663633363663303635333433373966613239366631306265356135366561
37303064306161313037636236656362653063666231353362393139653963336439646130633331
63393062353433666564373866623162383839666530343635313837333961303639613363616238
33653833653865313264306336373962613339313832633431663864386230396663343066383939
39636562643634663533343632626633653864366231376266656330373035373065613363653737
38373763306165373436646665356138653431396261626563366139626234323337666366363166
36366264303761303739366437626632306161646564633636623333303230356133363163653032
39653463316539633364306261336136636638343232343031366562626231393766333037626630
65653339323438316133623038633238623266313665313830653630323836323034363232303038
35323432643038666139623239336537613633646436623737353530383663353632303164346463
32313038356231666235303739343134323130303234636665336261633430333865613439653761
66623636383631643866333562616133353463376131653662306232613666613739386366366661
32343331333366653165323863646532383332363035346336346333613265343831373464383331
32353263326434306233343233636530613831353231333433316230653732663033633739363534
36623334626264396636643266623030373566646537323037623233333136353038623438656538
38316165346539393963653665303661633738313432663339386461303466396539373661623965
38656337643161323738323064646262626637623031393132623939313665666637306566396134
61383234306265613331623736636637613565363937333463616238393166353061306539393866
66623461306530333763396331323932393066336239376563343838663534656566353038353832
37653562636130653237323235353139373530623666313833393135363263363736613239376561
35643863636164326130643038663365653334373335336366373834626566363532303838366634
39306137616538666632326530316662336236313538623436343534353461363934313931646563
66653262646164333639343062396132373638613439323966373461363739353164366665306331
39613736313837633535346563613539356264633937636363666165326465373064353763333336
30333336333239663730333661616365333936626339616337373061376639616536363135363934
33323335336666636430653837646436643937303432316436383761386338663866313030306333
37653036313839633034643538643530653634333166313734396335643035376639613139366161
32656666366236353661333236646636363865356365623838326238306135613430393466663336
37313235373037343330656265643938333137306532383061653362376533653165336634613462
36663164336661353361353734353333653834666463353161356231313230626637636132313334
38326335316262373664616232373366646439313938376261633135613466653566643933363834
64666363333933356436663239653438356266663261306261396230613036383235336363326537
38613236376564396362343931633036373831663330323734313236336564333131343937303735
34323363643734333731623732613836633363343231316632383038623639636436663662623166
37643962653062353138303932336262666161356334353237386665353836663065306531623165
39343032363733633936626161303133323635303564363736393938333037633931306436363833
30373466393536346261616331396131356161356265643038653238313466666136343664396331
63663332393438323563366337616236326632393763306361666364663663313761663437613361
63653361326333313834643561666234343362363937333462643063396231323366383435306133
37393965303465386264323861313166633336636634346630366566383531646231393235666538
33633436343936363362633136316563303138386664656532366638326330353939636534383438
36653533306132363839643531356437323932396134626237646163623838323535633865646538
63376461376132386135376462363133623063633739623465643233643766313531303965663130
38353133303633363139393630353835633638393236616131356436363534306464323861313535
63623936393466343762646532363237613032666439333237393233383139646433636631353837
35353432393637303265386532303634386138323530353231323735363761623934653231346365
38633031313032306366656232303865336363333938363931333935613964336230356135386362
65636138653665623135373766666263376161343833383130366362303538346461353833623832
34613930326536626132653333343436633536363139353465376166633837623464336534383936
32306132636532323033663862383838616239663032396464663934626562653566356461633139
32333563316130353232313664376663323130633635633135383166626333346135663963343230
62333636353762663562666134323233393736366439323661666338343038336432633665653966
37336233313164323831633164396131393436613430333165363465333233346533343666643066
33666535336665346163666463633032333830316238393531663639383561313165313964303164
34616436366663663966316461353632663337313166363638666432333361636332663862623265
66326562353565393139383836613630626162613332633534393232633632323036353862353232
65353337646466336365626230333033643166333238393434646631653431383830346662366632
34306130376633313036623531376136313835386236386165393431326135613066653963393337
62353062383930326364656133353461643135346439373462333961383838653363363964383330
61323536383936623532336533386237306332396332663334626666303031343061373464393431
32343831346562646236363436346333333033373333333263373437336631323030656639316130
32376365306430616530636330336161663032663337393732653931333562343931366433393066
31353738366131616539626433303061353766633166666563326538613335343061666564656366
33653330346436326533393435386639646638363761376235343835636338656339636561666164
33383666643166616139306534613639393262383338396265366563623632303436666565653766
65353661383965353965666263663964646234386636393230373762653838643431363137386436
37306263626235323632643434396562386238396164666337343235353831353531383232396634
32346439643162363035353838366437393064376634373262663734643938313962326534393763
34383763616565306165316363656263323566366262663638626164626334663837306537666536
63346462653130303632346365303832656537646339363836303235633364613962626137363362
31666263323830613635623166666631336431303566643939376463633563623466386536663565
61353032396466333536353034663837653364633631623434383331633031353535356566366165
65396138373836393066643265623535653839663763643631366136616332643137373566616531
64656537373564623033343939346239353036613536323364373936373130653039353532363335
39376163613734366230
