$ANSIBLE_VAULT;1.1;AES256
65633230666163656330316564363539373832323131646432613739356163396439306437626632
3330383962666535376166336361396637313132363534350a323665633439323338343038323666
35366331313430656432393165623837663935623733393635376566613064653863323762316531
3733363563386133310a663663376466626532666562613436343866353061653739613335303231
62326365343333326133306631666661353531626533373436643833326338396231323463366538
65313639633864396365383331313339623533306164356231303637313136666266656163336438
37393338303562356133633565323561633232636432346565663535343261383365333563353861
64663032373831356630626665313832653837666231656463363764336537396538613262323835
61663266323836346561633138633864393030666333653637323739616164336330356566376537
63333131326131333161393938363266393533613430326631373064363037663765316435373162
63313262383631613763636262346364333036306261643136313363656637656132303238636361
32376163333964323036656435366262663038346136303066326535303231636563353365656637
37666335373530646539383534323432336230626238633134656361366365386434643764306534
66613839383337656666386436653563613739303361343735623261396139333638653864323135
36646163346266306463343339656163313863653839356136646230313635656439363038393765
31663139636338323838396336363364613739306535656538316633626138366137366231653966
64313664656130303432306536306135623339623531646439336463376332363666396363376266
37336335343533343033643137383530613662383636616665663930396661333561626632613063
64623837656630383461353433613433666562646233396661383230643235626561326130333239
61326135363362313130306333626161636639363636393364323766366636313361333265666639
65343333386637636336623730663938613563333262316266623337613362343263303334663932
32343361623062333561613162653161663966666436663164393138323730326264623036663534
33333033353331373461346437393464316332366336343035323963366565386534616636343638
39346265383236646166663439363330333238626166663535656139633835356338653765366331
64616362313861616339343434343763306430363431356532656264323131376464653934313062
30366362373661623666366530646134346266633730303639623037316133663439343239653663
33306231353934636362333539326530626465666464616634643134666163663135356338343666
32306135613434373736646663636366366162356432346666386534353739626139313766363930
66633764626633613839393432313737363131663939366662653432623335303862663435373461
37633434626134643937376536303339663238396262636235653230616464656135353835613433
66613337663562383937323165346164363236383636336131386363323431666337336538346334
62653335623535653535336266336236376165343264366162383935656261646332616534376134
31316364306665613366613931333232383662356661356233643566393236373637343430373833
37353831343164373636306333383162633534316666636366323237396430373162383664303030
38356661393339656666333962346365353433383839316334633032316635343634393338386638
31646637353630343938623432663433363535626531336238613862303334663837643132643139
34333038666662633234326131613134613461633436646137633364616339626435613966376632
35353938366631393463636266336430306363633032326165633263396430663565633261663935
32393963393964656631363265393533373832343230666232386239323164373937353734663164
30393066663262653035313138643263343735653164373064316230393337336433386339376461
65343464336333396664633163356434363539306564633938346165326664313964616632636234
63633337613863383637623261346338356636646232643561376531366631323361333932333164
34636363633531643934306262346436656563616230396232663134636461343731356266343333
31633861643533653038666333616366323539663632366437626334303433303932663064653964
37383938346232643666343530343334303861363836663735646330326639363336363937653834
34326661636131383664376666393639613230373137316262353435353237303866373134393430
63643332643333323132613932333065333961633366313164363437656137366335633661653034
61623333376137653564363961383833663336643633613332373337653233623534313534343638
32313366306564353531613033666661363330323734653032363230353066343561313332646466
64393333313230366165336462346361383362653538303764663136656430353563343731306563
61323266396130343137346536356539643536303466376236346232303434653830386539653863
61386238616362363238393237376465313663356532663632633837626166363032643739303361
34386163363032366262303962313162356635656234373533623431616134343536393362313836
37343537616562623530626235626161633465343438643566383239303665336534373863343239
66383031363136653236643634646635636136376432393264353135343436323839653935363531
66663763663330356230326163623662633662303162623061373561613061366536303535366361
38343661666462646531313366346161333463373932333931303131336539383236343335336562
64633139336664666238353661366130303933313064333830346137396437633165306362353965
65326232326566393331613466376339653662616437333731386530346236646430306464383962
64383033653066636165373262396534363435636130356566333831613263653732633435616339
61383937613561636163643162643131336431396539333437656237623333666165666666626163
37613033613761376337373433346331633038393634323064666166666234396639616266343432
38643564313261363630363935356533616164386439343461376435373165346261366135356134
38386635643964303632393835376561636633323534663231336336346261323536393162383065
36373762306231383565343035353566393266343266303931613632333838373737373563636263
65346239303166333635666462666332363666306139616264383961366139333435346664383565
35663963353061646131323163633238303161646137373862613266383836643563653637336334
65616437653161373738323463623831633935396533313061316666393037333934653430646131
62353336386537353065353138356462613831633433353737633832376462356130333839636362
32386531376362623930303031643665653832633631346462383438306330663937396564316136
35336531646430373065373236303864633838313664323435646236383539616236303964646236
39336337623964383236616237633539393938313338643632326162386664616661346331343931
39396636313938313334653832636230353165303030323535323235633239396238373238643533
35663961326631303663386230623965356532623665303263386339326461376437363036383765
34376531613533363965346362393139656531383938653535336662656135353431396236326539
34373238313762613663393130643135306662623533666562313036663532336261343635383661
32616461353831666430356433323133636261303732376465643133366365326663616566626432
37663164366438333765366632376632333566343835626265323939623436306634376333336336
63653761326462393730346162663063353734366462346232316533363665663937333865316138
64313333643365393132366365326637656466633934373338326631643237343038643037636331
30326130316431356263373464366164313363346464323639373666653630646366303639643335
37623130623333373635313262323964376139343836633366363737646239656235303234623665
35396537346436626532646232373335326634326435323562646535323935316630336638376536
63396538336662326364363261303739613933323463323365353239333863656431326537646164
38663333356338333839626337346531356637363536316230393061633164363730656135663139
30396433626137653137336437363033353738663430343038623438376330636162343637643536
35633434613465366164356636623331666335653436323235346462333938393338396461663538
65373831383166343165343239393833616361316434316233316130353039633733653834666431
36353036663161336335323635333630366133333635646165303863386264646531643936633332
33356636623838373936656130303934326134633066323039656237653034633764633133323534
31343732633161623362393730626232316137313230386138376463376234633136303238343065
39393033313337323039653364636662313535376634383839623436643836393835376435626138
62306233663938326630633666333464353965666338303565333833313238323334303231303936
66623163303936373433383164633033393863613366383434363965383431393436643535643965
66333534373433646532383563636562313136613136343165323939346530623632666539316266
66383264663162353566653361666261396635646239623635383866353034313936353537373765
35306531616663663831663665353763373730363632306337306433383634663035353535303938
39616337363564313532613366353366333531316430396439663737636534363337356534633134
66326462313135376432613930346364336264383232316161666566333538643765323262386436
31613134363233396235336662343932613331633239626362616135323461326533343139343963
66643639616335633766656238353531393434663563346461366365643532373039643734316138
63363561646262353564333234366664636339376366623661656564366633323139313434626539
38333261333930393562356633373034653735336537333730316135633932333065613534396465
65363031363235353838626532396261383931313832366462313661633464383263303231623461
38646637303130623731636466663739343233623363316130376333333538643433323731653333
39366533373139663631663365616432393430323030393831356532396437616465636137323535
39383239313634616231303735323762623532393838356261396662613133656239383164313662
33343634653933646235393962306237356539636462636465393866316632346539333938353334
36303333313230643139346438636264633934633032393133616634623736656232343133366632
65623534303464383865623663313366636562636462303431343161396663363662623964353363
35313433386165393631616633306362313134313465653365353333326133316238336265383466
65653130636637373230303736333232333464376134393631626237373630363763393231363564
66366566643466633834353131383164386337366465333136313663376364633532656464623162
33356536353863393163363166343833353838393761613236633936376462303830376261386338
62366230313562613761666266633132623766623738666532346437666138353438616633353738
62346661313661356164393863323432616466343438313332326136313233313431373835396466
32353964356434303139633332656661313234316239396161333539663863343938383833386435
32633665663165316433363761623962643631313234353633353764656631643761323863386365
30396662663539613963356162613633613738336636303262643365326261646232396165656331
34353934616233346661636431383763663233393364303162343031666630303339633731613431
62633439346461636464366161376130333430386231353433353633653435633735656632613439
32363832636462653665326466353462623363653338333335396431623135303730643065346233
31653031336266356231623831616637383838316332343630656530376633663566303735333932
61336438333937633837663163363762303864366331383163393835643364313662343532346135
65356333303037626637623637343964626563616138393961623034363063366236326133626631
38643930343761653232316164643062646336326334383763363439653835346530353033653732
66373531323063346163333430643130303763643435636133663533633362343061653461643634
61306139333736663133663035353036643961326536353264303463356363663966356632363339
34373732383861666466356237393235613763643263356637666231643161636239363738666637
33343436306538636365373135356165663339333763653162313265646338343039373166666439
64646566323332343863333730346434326133373139396164323363613338646331336132346331
63383238666135326238383435333930303935643864663066633935643734666336346535393264
64663637326136626330336566643133336536653531363635356536376431316163636662643136
37616334363132656132313661653666393232633536336264313236316433353134383262386239
656535613831376363633262356463393232
