$ANSIBLE_VAULT;1.1;AES256
34613739313335383938633062383330646137666237663331653535303432623761653465383639
6565666230663638316334656464646639613534326161360a333331643661666433303639646432
66626239323337333430323164313861306438633539626533313062303761623634653630333639
3033623735373962350a653739316131356531643761363634323636653663366335623531363033
64656237383837623233376130363738303133366330306462373965366531386231636235336634
61306137643130313036346231303230653066616138333362623362383536643730386565616535
37333537313233353637656266336130363239656362363937326262316265386366373131613736
33656363393864323865353730396565353236633133323334633533636231633964313534663739
61383935306139356439623361633835636234326636656136326633616661363737336563623235
62333639353162333466386230653162326535313537366662336164663633356533313532383064
35373930363266663434636161636463663563353365363363373735626334383564366565623161
38343034643339303438333464346235353737323164363732656662316332353230323566666130
35383430643238656433613634303934623838353634343336346231636135396138386231363963
64306135653633663264376235323236323465303864323331343936623435363064656639386132
30353265376339383735393064633966663834333136353563626164373630373031653332353963
31396134333139303264623334393561393639353464323534626365303062316666323765353730
39393634343065373861663730653262306438646339336433346663626130653062663964613934
36306466353130346437646139313437333265613862333565633566346434386331373462363035
35323936306235373434633637646530366663393366313834383833326536366361356331383939
65316162613535323065363236623132656565643438306365333064643661356164386230333131
65326461326266353536663435373731613933643663373761636436336334326138306534643861
66633039626263323661656137356661386132313634663465303332616330613236633561343161
35666631643539313233393534663930366162336262396362346637616664313662316564633434
32623539373432303434653839326639373661346466643739663339386466303336663365353737
32333839616565333530626266613061323633363838323165326462333432383230623339643461
35346634653434373761353036353638343333303131646466616232653838646439653764653436
62666133353632343764336266653038383834386235306139613436656331393234306366373438
33336436653162336661663338653835346664376231653436653131383637306436373039653536
65333965313432653831333861336361666231383639383832366435616466656466303730316562
30653866643061653735666333333139303137626136623731353836343264613665356632316536
35303563333339353164316264313138336265306133653763343463333231376130343562343633
38626662663330343061363637336464623932303865323237373262333265633962633163336337
38373631376564613134396136613764306432663432346432633164303931326161623933633064
32396365303738353164316335326130326462323339613961393134366564623539373966356538
63326534663936383730646231643536663436303030393333383435323030633232613736613463
61343763643438333666393835636132373536656639383438336166636464356531363865333831
31356135656336636337336265323964303535353961386532303463343835626536353432323338
66366132306538653739316263373939366262373236376264386531643633376437326434383836
61333261643633393434363736623561326162323637616331393932663334316135623733306465
34343334666136386336336532356238616461633532356265356562636131666638346262616661
34383664316133373035623935333632333734653863613035323639633236663839653463326234
32633231643862306563393362366435393765666634613464343431323463383931653563363163
35376362316163663636306465396466316334356534653862613562663637613764373166646538
61383732363766326433393334666632333734386630343930376238386432363064356531636235
62386166393930383936626566616530383235313738316161623433303135343539333135623765
64653435356361366566303132353834653563396232333932353835643233383339326132323735
39373365613461656264616264616539393234616332376536356139636435363737353631663034
36633764643533383638343738353462393264343339623335306661306237633764393830623032
37393861613933366666343731306232613538656562346236333362343865653963626636353561
61663431643335643534633838323364316166346130336266313062376534363435383164323038
65613730633930633765306266373037326232313838316235646135383962366364383735653661
61363165383639376430323030343537326465663734383031356139373164663562346665303435
30363231323764633865353237613062666634323466363531356137313935386137313462626534
33303264343764376535663661363565316636646535326561346630373937343061393332333139
31346437633439613534386461383231666363396531373839393865363730626165626131306362
32333864653034336161633136333464323839616632623161313937386431386131626265343365
39383930613566663761353063643539383262343563663133363338643837323333643936616331
65346635336430383964356162323261323735303636646230653661656636653964393436313861
39333032323061366539363835383131383037393766383630363664313565316235323336366664
30316665643035353831343634376231656238313937363064306335633963366630626236353562
34333230666666333065623463346330373265303433316566353666396335323666343961616636
36323663393961353435616361316466643537343065356137323739666433393739333732653333
65366262376236363566636239363039333331613961363935396330623966376164333639636633
63343934336532326561306537366462646536396537343566396531383834616564373264363330
30343361613766613066313030393836613465366132303838316631366663663434396238636263
32333161326336636335636165326231393135396135373231636231613132323034303531646366
61336465326262313137313666353639653739646634303733623963623137333533353836366533
35653261663762623731333137333930303031383237326434333931636435366165353632376365
35303030353935303365333631666364376632626534633161666133366134633430623734623333
63393139663333643736363036373563373362373035333562373363313739393931343261303262
30326230336335386135383364323330393631353062643739313061386531623963336631303338
65633631393435653166363330393531643565616161376237346534336637366432623634643832
66343962636661663134386331326466633135373930646539376331623362336561346639623530
62313837616465646639613330343535373135643965643938303561303730653831616362313737
64356338333437303664623265393934326534313661376336666531323966346465616638356237
66353938353936656131653165303333393539333634303930666565613237356339373366643438
61366638663862663365353031366436396432616163666263623363313762636463386633663430
30383836613238666361623738633436616361626433303036343334393031393064343263373236
64376533346632353730316265623435643237316234316539336464646163316134366639613861
66623934383666646135326539386631306163316537633739653961393266363434363034306536
30326463363634616130666338313363643638363135336231616366346638373462386533336639
61386531623233643839356530386331636561313330643238383363343063313334633133356265
65383536623034353339346332363465373366313861656631366530663362636432666563343330
36646538396533306332356330666562333263343934343935373538653236373163343363643133
37613836663466393339663531653662373130376636616165653237366632626166393535623361
30333538313766393735346365353936316232326332373766663338663432393831623462613030
36613164306530393066613634353735623365373766636334616637626338396635663138363035
36666437363861646631326263653732643563643564386562336333383766306364353664323166
63363564353461643434303166356132646537646435313738613937663936353462386165623936
61663239343563363432333838303838366639646431636566636530383139353038383039653866
35613839663262323465353365613465643032633365306636336561643935623636643631393762
62346666323065663436343838306362323732626464666639313034636231646432646262393062
34323435623638336532323039653835303830656130356638303539646132383361623232333763
65393939636130373064323330376435626164373063336166633635393061333562333933396136
31666539316363636666626437353436326138373534636134346266626639353434656264386632
62306531393136326434396435643364623533383836313433323430656263663338343262353338
33383761653362613663336233346265353838663837363439626639353131383337653530363762
34653931316261646664396231616136646631383361653134616363363331366330646534643332
38656165306364656331323333386661353563376163613065633533353030376639373865363431
61656136376630346536306561356437626532653038656635653031666339313535373334613635
32613465623736373537323862366134383933383230666164323731373438373835343364313862
39396536303739313165386662376539623637396133373865653632323234333461373936633236
38353430393762386236623666333438623537363235303734333964663632656662326561376266
34663565336430653165363736376666393161373433383065316239313235383761303065333336
34373130643665343065393831626531333136323338386535393836613062323830393866366364
61363237353061356231643464363632353938346131643535643965653664303130373665333961
31623063666231613239373466363462623732623562373863326337633162386235376561366235
31663862646233366139333862626530303838386461363462393635333639613364616537383064
63383432356434383761383436336466356431316334323334363338346131326464353039363038
62356234646238356432393439623565323361396138623335363037663132663237666232363939
66663562303961333434326235633161373930623636373033666663666462666139633933326662
38376138356330626635383137343064316632333563393636633531343139393765623865613862
39646363316639343331306566376261333037623735393630376433373164636136376639633331
66663739336239643135656263653134633232376330636132333863613130323330653662366638
62313836616633363533643938386431316430623963393633313361303262323636393532323638
30333733336139666265393035666135386366653335656161386430343164333232343539326563
32366636363935366362366563373639363636616566353335643464306438343535366531323437
66336364316632366264653865303765313233616436306437633961373536353161346566646538
35393638663861666437363132363962366333356462653539316137343862643662666238326232
32653163393930303635656135313336326561386662333439316638383763373665316234323036
38373466353437303136636135633138653637646131626264303563343364383232363538356263
31653831666234616338323462613838383430336536306461333565626164343730363731323361
34653134323362623138393063333861393861666630396335643964353137616363363962656133
30306132346633356263656365616663663161623034363836653234383632656132656365333838
35666639613036653563313538356235666537643930383363373163306266373636646536656137
65643636326638323933636338663932626138363936323265666538363265373966633563313130
38666537353565666461316536323766326161353135333334653839383965333734626263393165
66343039373336653338363566316465633865663835653832626433353864363637663132616131
64303339333732316634306635313536633730363162313363393433356362393034646266323239
31646162363861383731643337393461326535636238376662386565363236633938333535383338
36383866363835343433336366356635343564323037313735396662633364643734666432623437
32333361633032333239306164633136393661656563373264643739653165623135653136303134
61353366383933646662373639323865316561633663373066313166303934376333663763333032
65343331373266346133306561313265386464643534616565643139333331346630633563626366
61313661353633343432346433356530303662613539653530373766323061633963303437366332
31313165663363316365306134636633393562343030666538343739613961333665636136623566
37373963316364666466373931656532313930316537333338656564376165363539303739306261
37623538323066356438666561383038346438343731646665636234393566613764313537633634
30623364643032326235643364643963396235626237646330376664386439343732313035303362
61656361343165306231393163376237316364666238393235373138373439626435313635353762
30383264663766643663316435326133643331393465616464396537383130656634373932356431
63643262356131626366656134336264336161366361383964303865616538326362316232386166
34356230303634383365326131653532343333656162333338383236386364656535313939653435
38663164643733636533633861646133616363396238303332653832393231393534656166356230
32313261393766336536333330633037633134663162663665396534326132663462623162646439
61343739636634343234346138663738366461643965353735303562656432343464366339326238
34653761396534333033643533323633623662386365383030313633336138626232636636646363
63396132653130613866666531393663356233636132633638393935636130343663343334326239
65363464666265323661303936363463633463346139663435346534356564353139323838373162
35323332616635613930646638383832343231636334393336323963313262383630663333343630
36386337636636316236626132343066343130613832373832343430396132386238656637653337
31646339376663343831363039336561656234376166633866663734656134636263663534383661
62343764393665386462646562336462376139393633323065316565333932353137316565353661
65306336313536343731383963393236643965326635636130316562653830316438333132336436
31393164373932366238643965633836353135656461373863303334333864653839306234356239
32326339373739636538663136316633646361326465626661656665633863626562396531366266
38623234636366323734313939616262373832313363323331356637663331643832353465346436
64663266363333326136623839316633633238346534656531616461393062333262666664376432
61396434653131636633373263383235666530623639636231393466363164653763316232353265
38383064336364373534636239653832626531636330383539373237663264653362353637653532
32303163393661346131623437306266613737303433613962393336333135616362316166613736
62343464303439633030613261393034666465656461386230353539353033316164313463386339
39313266356537356262373834666366396336313336646530653833313234323261633637366435
31333561656163373135373336333331666539373735353032623065373536333531653138366539
39666433656638633363376661386363366465663935326666663636376664343963363038356565
65303163663261343938356238306332333063343961376238303864646363343930303130396462
33663837393463316637663665336464353031623765613831666639323766356466373665306433
66386363623061316431323332373865383966646463383939653864646532313638616434386239
38326338346438343538363435666266346232363835356536633431376632346333366164656532
66306261326532313062363961306131653332653137646532666539306363666137343062386164
33613763316235353332646233663638346431386163393735356431643865373333326234323935
66343965643739313563323464363732646265316635643735383335303637376562373033616131
38366533356536383331323566373436643937636636633633396166353132646337313337383663
36656139336537636634653739326137376532333337613764343366613366646463653330323464
32663833313230336532343139333939306133333837346263326335643965303462663936626533
31656665373866393535393330336630323866363632393938316262393965383964393563613965
32656335643032313761393562303131386164646431666636616532643939303438373764663762
37613438333265373932396264636530323265343234666261336638663534333833633563383532
35336531663736303864633962623737633830343438363939393136323938623335383237666139
36333935326565373439383466656636636465303234323432333437306135616566623638396666
36323536626562633761653562316366363535323336376630356163373135343165383566303561
65343034616637376234323934326363643763663261366264353761373639343864393133653164
34633834663336373461613136353437353461363362396635626331653737653066383939313635
30343930336364343636306463633264396138353862393231303438616463303833613866373936
61616231613837393435363036373138396636393239323961333565366363613132373934303838
63633336313534343661336131326562623065663034626266336563653632353132356234666365
38353130306161653831633536653834316365386632383137343631643233653865653639343761
31653433653034373531376465623564333732643937633039363566333934656439326231323630
37623837626263336166313734306438363830623031323763623464333231636339376137666334
3366666539383762663134353036666464616165306134623237
